10621
10643
10644
10812
10878
11165
11214
11401
11687
11724
11769
11803
11882
11928
11979
12056
12106
12108
12143
12170
12444
12482
12724
12752
13300
13308
13349
14077
14172
14417
14581
14706
15144
15207
15704
15743
15744
15786
15853
16030
16032
16086
16248
16299
16342
16344
16392
17859
17882
20504
20563
20573
20814
20962
21520
21582
21756
21769
21806
22429
23340
23392
24604
24685
24696
24993
24996
25116
25788
25840
25848
25862
25880
25886
25945
26012
26556
26710
27688
27784
27864
27929
28303
28328
28452
28585
28597
28609
28641
28656
28672
31813
31831
31836
31852
31962
32156
32173
32483
32552
32609
34031
34032
34128
36378
36468
37191
37238
37267
37290
37476
37568
37605
37608
37935
37993
38020
38059
38076
38546
38568
39259
39312
39324
39607
39660
39950
40106
40188
40356
40409
40505
40567
40594
40622
40644
40672
40725
40891
40901
40933
40958
41128
41258
41447
41608
41828
42038
42142
42144
42852
42915
43106
43173
43520
43565
43576
43596
43735
43941
43944
44165
45269
45450
45566
45805
45915
46122
47156
47199
47359
47422
47594
47641
47667
47726
48216
48252
48465
48519
48576
48771
48816
48850
48885
49392
49829
50015
50034
50242
50244
51241
51673
52569
53820
53879
53939
54062
54126
54188
54900
54939
56071
56188
56953
58020
58117
58704
59147
59165
59172
59238
59288
59851
59875
59941
60447
60499
60873
60908
61309
61325
63213
63282
64145
64219
64284
65416
65436
65840
66328
66420
66485
66541
66585
66646
66904
66938
67041
67044
67116
67164
67179
67238
67330
67332
67374
67442
68067
68152
69076
69192
69564
69620
69893
70587
70596
70984
71016
71154
71186
71214
72309
72439
72572
73393
73472
73524
73596
73768
73861
75156
75223
75252
75264
75384
75396
75414
75420
75433
75530
75656
75660
76033
76268
76317
76496
76536
76701
76743
76768
76918
76920
77028
77140
77232
77393
77717
77790
77796
77940
78116
78120
78236
78349
78429
78530
78952
79031
79032
79098
79153
79261
79301
79402
79499
79780
79788
79842
79938
79968
80058
80135
80192
80348
80414
80426
80436
80448
80543
80544
80669
81154
81521
81612
81678
81749
81814
81836
81876
81931
81998
82062
82096
82186
82219
82263
82312
82438
82754
82814
82858
82955
83133
83328
83727
83970
84021
84110
84652
84780
84795
84864
85047
85156
85211
85269
85367
85497
85646
86076
86130
86176
86256
86377
88916
89030
89731
89780
89834
90070
90567
90733
90932
92630
92689
92841
92844
92931
93212
93353
93834
93992
94070
94121
94165
94257
94289
94312
94368
94497
94573
95022
95089
95932
95978
96282
96685
96769
96799
96852
97322
97406
97470
97880
97921
97980
98908
98988
99836
99886
100856
100902
100959
101000
101035
101094
101143
101748
101816
101850
101922
102136
102337
102477
102559
102589
103129
103248
103318
103320
104348
104472
104625
104682
104769
104823
105265
105313
105348
105432
105458
105499
105528
105561
105694
105713
105721
105768
106278
106376
107113
107358
107565
107640
107693
108362
108455
108501
108516
110100
110328
110372
110391
110400
110453
110496
110551
110596
110677
111219
111235
111306
111322
111353
111360
111463
111861
111905
112476
112623
112713
112829
113371
113453
113568
114226
114300
114463
114517
114582
114688
114748
114852
115011
115068
115687
115707
115770
116479
116609
116700
116783
117628
117702
118165
118207
118693
118756
118808
119127
119199
119280
119295
119760
120228
120330
120967
121078
121284
121352
121572
121604
121611
121639
122328
122439
122617
122656
122664
122724
122761
123037
123180
123317
123577
123830
123894
123920
123953
123974
124011
124039
124080
124123
124154
124264
124287
124347
124375
124429
124476
124525
124603
124630
124632
124667
124696
124755
124848
124861
125048
125091
125206
125208
125240
125323
125576
125703
125712
125724
125833
126012
126952
127177
127481
127593
127888
128979
129030
129042
129048
131136
131259
131308
131324
132904
132970
133297
133337
133452
133467
133566
133650
133734
133832
133881
133884
133968
134045
134476
134658
134757
135000
135116
135712
135901
136164
136341
136344
136668
136853
136860
136962
137322
137380
137486
137541
137544
137783
137846
137887
137981
138436
138517
138575
138676
139636
139692
139758
139829
139861
140024
140256
140362
141930
141953
142898
142971
143022
143102
143212
143279
143583
143689
143810
143835
143884
143897
143952
144528
144728
144732
144744
144764
146707
146807
146961
147192
147354
147360
147450
147501
147521
147600
147872
147931
148142
148220
148782
148877
148927
148980
149151
149701
149750
149783
149796
149856
149905
149952
149988
150021
150185
150228
150540
150672
150966
151048
151335
151548
151928
151965
151982
152756
152832
153415
153468
154301
154397
154509
155715
155764
155821
155892
156767
156828
157228
157356
157500
157666
157753
157928
158150
158316
158478
158733
158776
158860
158960
159265
159367
159480
159628
159661
159811
159897
159935
160010
160080
160128
160212
160229
160335
160425
160544
160845
160902
161139
161215
161501
161572
161691
161773
161816
161957
162000
162168
162207
162232
162356
162470
162505
162565
162677
162886
162979
163025
163102
163220
163732
163759
163876
163921
164087
164137
164220
164362
164496
164559
164709
164821
165289
165387
165468
165497
165564
165610
165701
165870
165968
166083
166140
166170
166214
166250
166346
166386
166498
166516
166611
166791
166943
166944
167045
167128
167244
167304
167496
167621
167674
167734
167772
167828
167930
168228
168361
168432
168484
168524
168569
168619
168771
168852
169179
169312
169392
169413
169709
169728
169993
170199
170280
170576
170608
170836
171425
172148
172388
172645
172959
173397
173476
173561
173657
173699
173772
173979
174270
175030
175032
175166
175273
175917
176403
176477
176550
177067
177405
177408
178506
178560
178652
178716
178756
179059
179206
179208
179328
179448
179540
179611
179691
179812
179849
180068
181108