10096
10299
10630
10632
11361
11447
11732
11867
11960
12137
12236
12789
12918
13095
13288
13915
13979
14245
14591
14634
14651
14964
15115
15279
15412
15500
16241
16249
16274
16438
16488
17100
17220
17428
17653
17895
18412
18500
18673
20262
20411
20699
20874
20905
20932
20963
21012
21099
21257
22227
22627
22778
22824
23209
23287
23472
23559
23884
24293
24409
25216
25252
26179
26219
26393
26592
27008
27054
27408
27477
27696
27925
28105
28272
28349
28560
28729
28951
29736
29820
30292
30372
30616
31044
31295
31373
32023
32500
32845
32866
32929
33106
33108
33204
33781
33919
34008
34091
34230
34280
34404
34476
34849
35088
35142
35899
35917
37316
37352
38945
39019
39764
40135
41904
42293
42503
42710
45347
45397
45966

47187
47467
48048
48076
48518
48528
48606
49279
49415
49742
49883
49984
50789
50883
50937
51144
51278
52535
52683
52880
52962
53005
53057
53079
53806
53808
53862
53984
54133
54950
55006
55008
55620
55649
56148
56164
56344
56417
56424
56686
56738
58687
58780
59300
59412
59653
59874
59960
60105
60113
60164
60174
60236
61596
61716
62295
62620
62702
62772
63262
63288
63349
63427
64405
64671
66228
66271
66437
66506
66553
66895
67280
67850
68911
69077
69228
69342
69532
69625
69831
70341
70344
70552
70656
70669
70781
70818
71037
71136
71906
71982
72073
72433
72588
72638
72762
72947
72996
73093
73145
73165
75889
76812
76974
77000
77093
77191
77273
77599
77800
78984
79660
80406
80789
81110
81146
81396
81740
82140
82183
82717
82809
83785
83833
83880
84237
84336
84480
84944
85878
86004
86105
86484
86553
86594
86881
87033
87220
87240
87385
87604
88525
88536
88560
88576

88973
89024
89125
89381
89469
89773
89876
91045
91158
91487
91537
91584
91596
91608
91800
92058
92208
92849
92928

92972
93316
93464
93624
93715
93836
93877
93956
94738
94848
95188
95316
96289
96350
97455
98012
98097
98657
98706
98733
99155
99398
102406
102408
102468
102845
102913
102942
103192
104221
104311
104388
104550
104784
105084
105157
105348
105946
106058
106500
106572
107076
107147
107208
107783
108027
108312
109180
109215
109399
109589
109795
109879
110010
110128
110155
110208
110226
110237
110245
110340
110373
110440
110450
110484
110652
111648
111687
112005
112008
112454
112786
112823
112912
113021
113209
114363
114431
114432
114765
115616
115718
115816
116542
116544
116568
116792
116818
116820
116977
117041
117104
117389
117555
117770
118358
118428
118618
118620
118657
119836
119894
120489
121324
121373
121411
121704
121860
121958
122090
122206
122208
122303
123462
123472
123513
123923
124894
124937
124956
125006
125090
125409
125688
126031
126929
126978
127881
127884
128059
128324
128417
128481
128484
128987
129094
129564
129591
129715
129956
130034
130070
131145
131171
131205
131208
131226
131657
131752
131780
132028
132244
132743
132744
132803
133141
133154
133208
133504
133733
133872
133915
133956
134245
134405
134671
134702
134732
134781
136827
136874
136884

137318
137360
137443
137587

138574
139021
139711
139857
140022
140073

140173
140997
141389
141402
141408
141464
141513
141613
141719
141795
143424
143712
144544
144580
144882
144915
144996
145409
145494
145620
145690
145732
145777
146006
146186
147007
147044

147184
147379
147421
148250
148278
149755
149814
149906
149971
150129
150132
150343
150582

151014
151094
151468

151874
152174
152844
152867
152918
153020
153120
153197
153297
153444
153629
153699
153787
153865
153955
154159
154370
154578
154667
154770
154861
