10560
10621
11336
11340
11371
11572
11617
11755
11865
11942
12023
12103
12164
12301
12388
12514
12662
12872
13337
13691
14196
14221
14340
14360
14370
14434
14685
14737
14766
15174
15225
15261
15306
15372
15432
16161
16230
16365
16578
16690
16950
17083
17182
17243
17315
17437
18172
18250
18577
18625
19131
19215
19411
19483
19602
19731
19896
20206
20253
20475
20490
20513
20530
20572
20808
20827
20887
21233
21282
21536
21581
21793
21831
21886
21955
22007
22074
22155
22380
22419
22504
22608
22860
22964
22965
23039
23040
23085
23224
23235
23250
23580
23669
23731
23794
23815
23894
24064
24186
24556
24625
25161
25190
25444
25485
25725
25984
26021
26052
26348
26358
26419
26495
26627
26647
26791
26836
27126
27173
27605
27630
27844
27877
28050
28099
28198
28259
28463
28470
28489
28501
28550
28606
28670
28774
28860
28882
28920
28935
29045
29132
29357
29554
29683
29700
29730
29753
29789
29884
29985
30105
30189
30453
30630
30715
30961
31390
31420
31758
31824
32375
32434
32692
32735
32760
32793
32805
32836
32857
33173
33240
33420
33472
33502
33563
33685
34005
34098
34260
34304
34365
34515
34565
34709
34958
35160
35239
35528
35684
35754
35840
36010
36060
36075
36802
36840
36856
37035
37113
37275
37416
37573
37575
37599
38372
38632
38640
39115
39163
39165
39198
39321
39375
39511
39653
39797
39960
40241
40300
40444
40615
40645
40897
40944
40986
41022
41358
41409
41555
41634
41949
41985
42095
42143
42355
42416
42605
42649
43278
43342
43505
43597
43890
44017
44047
44122
44168
44188
44200
44338
44404
44469
44515
44559
45031
45068
45303
45457
45915
45969
46667
46921
47617
47673
48999
49022
49042
49090
49105
49130
49144
49716
49815
50072
50105
50122
50819
50871
51122
51150
51337
51559
51730
51847
51873
52242
52275
52582
52614
52693
52695
52727
52890
52920
53109
53144
53145
53356
53428
53430
53786
53859
53922
54241
54318
54390
54551
54668
54693
54955
55025
55082
55432
55481
55595
55651
55702
55710
55725
55758
56189
56235
56379
56422
56595
56645
56676
56976
57135
57195
57257
57320
57352
57390
57629
57648
57662
57692
57754
58562
58586
58792
58852
58905
59055
59220
59250
59325
59355
59396
59616
59641
59748
59785
59937
60229
60924
60963
60985
61877
61924
61968
62192
62260
62298
62347
62559
62631
62699
62733
62859
62910
63046
63899
63954
64873
64919
65401
65460
65521
65601
66429
66480
67221
67278
67835
67927
68164
68228
68404
68659
68737
68745
68998
69000
69271
69400
69628
69699
70142
70165
70509
70591
70965
70988
71179
71226
71278
71552
71595
71618
71673
72145
72172
72350
72393
72529
72572
72670
72705
72731
73121
73160
73418
73485
73698
73778
73934
74198
74296
74357
74515
74567
74675
74762
74815
75026
75083
75300
75390
75510
75931
75952
75976
76381
76395
76433
76620
76945
77011
77657
78126
78315
78347
78380
78438
78541
78570
78826
78855
79347
79389
79567
79673
79955
79993
80005
80284
80320
80337
80343
80600
80646
81040
81393
81433
81611
81777
81818
82068
82102
82498
82500
82554
82663
82665
83170
83175
83541
84580
84613
84708
84835
85028
85294
85620
85809
86232
86310
86520
86928
86966
87193
87242
87562
87601
87858
89036
89055
89072
89105
89349
89713
89742
90475
90513
90593
90647
90990
91207
91264
91363
91414
91551
91611
91668
91762
91842
91898
92025
92063
92643
92679
93061
93744
93871
93924
93934
94005
94215
94404
94590
94613
94650
94731
94855
95363
95408
95671
95733
95792
96127
96181
96710
96802
97354
97401
97713
98007
98010
98106
98213
98242
98426
98430
98511
98663
98724
98793
98873
98994
99079
99147
99150
99439
99482
99762
99765
99795
99916
99930
100006
100082
100106
101408
101436
101902
101939
102017
102180
102260
102305
102675
103038
103421
103531
103692
103750
104072
104205
104565
104812
105124
105190
105219
105250
105335
105356
105669
105790
105990
106070
106110
106536
106610
106623
106893
107135
107191
107552
107586
107651
107861
107926
108111
108137
108425
108450
108484
109128
109185
109217
109387
109445
109652
109682
109755
109840
110080
110145
110196
110407
110923
111117
111208
111261
111335
111559
111886
112095
112230
112272
112290
112316
112322
112344
112359
112468
112470
112678
112680
112790
113425
113430
113464
113537
113753
114166
114359
114478
114872
114937
115450
115530
115585
115636
115651
115833
115948
116054
116119
116190
116481
116554
117023
117230
117735
117856
117904
117934
117977
117991
118087
118200
118337
118569
118711
118755
118874
118899
119094
119418
119700
119716
119773
119799
119854
119867
119882
119896
120095
120184
120200
120290
120308
120325
120562
120646
120720
120753
120851
120863
120975
121110
121125
121193
121638
121747
122034
122094
122337
122388
122826
122898
122912
123241
123384
123439
123527
123692
123705
123903
124125
124162
124252
124305
124328
124444
124539
124654
124816
124887
124974
125317
125355
125419
125497
125559
125603
125815
126094
126201
126415
126498
126518
126638
126690
126757
126906
126978
127050
127114
127194
127785
127952
128373
128435
128685
128739
129145
129400
129558
129655
129945
129969
129975
130205
130272
130275
130380
130425
130511
130561
130654
130771
130901
130995
131032
131082
131498
131532
131813
131876
132012
132095
132151
132195
132210
132287
132548
132634
132651
132700
132805
132870
132923
133217
133257
133470
133501
133584
133813
134061
134076
135149
135268
135397
135481
135556
136095
136229
136310
136320
136335
136365
136380
136398
136410
136676
136757
137012
137208
137235
137478
137706
137850
137946
137986
138043
138079
138181
138300
138405
138574
138679
138725
138891
139404
139511
139725
139802
139974
140102
140205
140253
140314
140329
140375
140565
140659
140801
140877
140949
141156
141234
141362
141426
141569
141604
141734
141815
142232
142480
142750
142793
143696
143736
143867
144034
144323
144367
144391
144518
144605
144763
144905
145184
145226
145230
145275
145649
145685
145959
145987
146411
146472
146612
146678
146768
146800
146981
147054
147337
147756
147795
148022
148103
148310
148358
148492
148594
148968
149012
149257
149329
149525
149639
149685
149727
150011
150086
150407
150462
150525
150581
150718
150890
151143
151245
151275
151761
151827
153296
153394
154110
154134
154167
154470
154554
154584
154630
154787
154983
155022
155078
155129
155260
155521
156150
157005
157044
157078
157301
157425
157695
157782
157785
158183
158230
158281
158348
158406
158460
158557
158566
158585
158689
158898
159055
159135
159503
159831
159870
159960
160070
160153
160202
160226
160340
160423
160672
160714
160830
160905
160969
161045
161853
161944
162172
162218
162541
162580
162607
163021
163096
163559
163622
163923
163998
164091
164181
164318
164335
164373
164550
164663
164925
165262
165346
165436
165564
165602
165620
165699
165770
165847
166238
166297
166715
166797
167105
167125
167166
167400
167494
167567
167703
167731
168428
168455
168562
168637
168709
168740
168789
168947
169073
169098
169279
169320
169485
169537
169609
169634
169651
169681
169708
169749
170550
170614
170849
170948
170985
171000
171345
171440
171473
171514
171548
171585
171639
171725
172156
172301
172448
172476
172604
172605
172679
172680
173099
173100
173136
173158
173164
173178
173510
173630
173707
174064
174146
174443
174472
174570
174820
174825
175068
175255
175399
175436
175584
175590
175625
175643
175684
175824
175995
176047
176057
176081
176115
176142
176183
176243
176276
176284
176326
176513
176588
176618
176634
176762
176975
177047
177122
177204
177215
177230
177530
177676
177754
177783
177874
177951
178039
178064
178084
178121
178136
178224
178230
178249
178294
178336
178432
178487
179013
179146
179209
179220
179280
179295
179430
179524
179622
179673
179752
179798
179900
179941
180420
180443
180736
180842
180946
181151
181390
181459
181599
181638
181671
181719
181998
182265
182400
182453
182547
182582
182612
182794
182905
183044
183272
183901
183960
184501
184539
184600
184737
185162
185175
185236
185253
185693
185835
186129
186195
186300
186350
186730
186762
186785
186801
186820
187020
187290
187401
187597
187668
187942
188044
188088
188234
188251
188328
188382
188385
188405
188539
188550
188825
188973
189277
189504
190247
190290
190335
190391
190417
190426
190459
190470
190519
190533
190545
190809
190966
191070
191112
191160
191439
191537
191595
191940
192033
192050
192074
192189
192405
192520
192566
192650
192698
192752
192812
192903
192948
193079
193255
193753
193915
194096
194194
194216
194330
194587
194658
195055
195080
195105
195248
195296
195368
195392
195405
195478
196043
196102
196879
196920
197293
197333
197378
197486
197526
197671
197795
197885
198030
198109
198173
198376
198429
198592
198676
198804
198863
