10012 
10072 
11792 
11810 
11890 
11924
12458 
12521 
13130 
13190 
13200 
13212 
13227 
13316 
14434 
14475 
15156
15205 
15250 
15282
15514
16421 
16453  
16511  
16572 
16618 
16620 
16678 
17027 
17406 
17551 
17612 
17803 
18218 
18331 
19000 
19038
19121
19163  
19586 
19743 
19886 
19939 
19957 
20130 
20163 
20172 
20265 
20280 
20306 
20367 
20383 
20572 
20648 
20724 
21028 
21237 
21283 
21464 
21186
21951 
22104 
22215 
22369
22473 
22568 
22876 
23079 
24632 
24669 
24805 
24821 
24858 
25044 
25241 
25287 
25328 
25564 
25943 
25944 
26512 
26592 
26628 
26880
27834
27865  
27924 
27986
28020
28032 
28047 
28066 
28100 
28128 
28140 
28157 
28376 
28425 
28443 
28531
28687 
28716 
29688 
29760 
29787 
29910 
30093
30096 
30360 
30788 
30827 
30920 
30952 
31227 
31377 
31411 
31529 
31596 
31997 
32076 
32261 
32663 
32694 
32911
33000 
33235  
33387 
33476 
33859 
33969 
34832 
34869 
35006 
35083 
35341 
36101 
36118 
36120
36185 
36252 
36317 
36354 
36439
36518
36623  
37226 
37335 
37344 
37459 
37662 
37980 
38131 
38715
38760  
38873
39372
