11414
11544
11550
12932
13245
15485
15811
16755
16917
19251
19544
22842
22845
22903
22905
23201
23205
23540
25509
25515
25949
27219
27225
27384
27390
28323
28515
30530
30540
31140
34746
34890
36105
36248
38449
38803
38805
39634
40204
42217
42312
49296
53990
54163
54165
57855
57990
60007
60390
62012
62109
66090
66330
68534
68795
72774
72780
72969
72975
73979
74168
75990
76350
77738
78301
81091
81544
83258
83868
85338
85541
85545
87650
87660
88050
89217
89525
93155
93690
97468
97470
97927
97935
99896
99900
100032
100035
100326
100335
100713
103783
103800
103881
104657
104987
106651
106666
106830
108525
108680
110257
110719
111440
111726
113815
113820
114047
116617
116625
116918
116925
119462
119679
122941
123120
123735
124057
127254
128112
128115
129225
129532
134175
134604
134723
134844
135665
140877
140949
141106
147392
147687
149115
149224
156210
156330
157132
157690
164421
164430
165231
171053
171198
172744
172842
172845
173250
173385
174631
174964
181804
181815
182142
184935
185481
188666
188670
189405
