11302
11619
13416
13563
14242
14244
14524
18725
18866
20651
21112
21685
22117
23472
23635
24806
25260
26404
26832
32292
32676
33566
33805
38162
38620
39772
39891
41708
42387
43820
44439
45727
46300
49273
49284
49784
52694
52893
52896
55011
55328
55332
56660
57192
58824
58986
65993
66245
70028
70032
70230
72648
72803
90807
91296
93048
93422
95197
95364
96156
96480
98120
98295
102006
102273
104904
105195
105811
106176
107509
107977
112952
113221
119886
120436
121824
122068
122954
123768
125461
126337
127055
127347
127596
127614
129060
129073
129307
134202
134952
135990
137107
143977
144660
151164
151637
156927
157110