10392
10404
10572
10584
12492
12506
13613
13620
13633
16548
16564
16812
16831
27137
27149
27159
27313
27324
27336
30789
30811
30971
30984
32224
32245
32704
32712
32726
34020
34032
34188
34207
39864
39884
40266
40288
45452
45474
45639
45648
45661
46002
46008
46024
46590
46596
46611
48843
48855
49646
49668
55037
55044
55058
55356
55371
56473
56490
56640
56656
67428
67448
67752
67776
70704
70716
73235
73260
73421
73443
76213
76224
76236
76728
76744
83857
84013
84034
88630
88632
88652
88838
88848
88860
92949
93196
93218
94178
94188
94201
94992
95004
95016
98783
98805
98808
99061
99072
99084
102953
102975
103406
103428
105135
105792
105812
111803
111817
112216
112225
112239
120581
120604
120781
120792
121500
121512
121680
121692
133933
134604
134618
136941
136944
136958
137120
137132
137951

137964
137976
138782
138804
140152
140160
140528
140532
140550
147162
147356
147360
150643
 150648
150664
150905
150912
150927
151540
151548
151560
152098
152112
